mtllib assembly2.mtl
o obj2

v 84.500000 0.000000 -50.000000
v 84.488190 -0.473534 -50.000000
v 84.500000 0.000000 -20.000000
v 84.488190 -0.473534 -20.000000
v 84.452789 -0.945892 -50.000000
v 84.452789 -0.945892 -20.000000
v 84.393890 -1.415901 -50.000000
v 84.393890 -1.415901 -20.000000
v 84.311646 -1.882385 -50.000000
v 84.311646 -1.882385 -20.000000
v 84.206238 -2.344193 -50.000000
v 84.206238 -2.344193 -20.000000
v 84.077942 -2.800171 -50.000000
v 84.077942 -2.800171 -20.000000
v 83.927078 -3.249191 -50.000000
v 83.927078 -3.249191 -20.000000
v 83.754028 -3.690132 -50.000000
v 83.754028 -3.690132 -20.000000
v 83.559204 -4.121895 -50.000000
v 83.559204 -4.121895 -20.000000
v 83.343109 -4.543411 -50.000000
v 83.343109 -4.543411 -20.000000
v 83.106262 -4.953636 -50.000000
v 83.106262 -4.953636 -20.000000
v 82.849274 -5.351540 -50.000000
v 82.849274 -5.351540 -20.000000
v 82.572754 -5.736145 -50.000000
v 82.572754 -5.736145 -20.000000
v 82.277420 -6.106483 -50.000000
v 82.277420 -6.106483 -20.000000
v 81.963989 -6.461639 -50.000000
v 81.963989 -6.461639 -20.000000
v 81.633255 -6.800735 -50.000000
v 81.633255 -6.800735 -20.000000
v 81.286011 -7.122925 -50.000000
v 81.286011 -7.122925 -20.000000
v 80.923157 -7.427399 -50.000000
v 80.923157 -7.427399 -20.000000
v 80.545563 -7.713409 -50.000000
v 80.545563 -7.713409 -20.000000
v 80.154190 -7.980248 -50.000000
v 80.154190 -7.980248 -20.000000
v 79.750000 -8.227242 -50.000000
v 79.750000 -8.227242 -20.000000
v 79.334000 -8.453781 -50.000000
v 79.334000 -8.453781 -20.000000
v 78.907227 -8.659309 -50.000000
v 78.907227 -8.659309 -20.000000
v 78.470734 -8.843300 -50.000000
v 78.470734 -8.843300 -20.000000
v 78.025620 -9.005310 -50.000000
v 78.025620 -9.005310 -20.000000
v 77.572983 -9.144928 -50.000000
v 77.572983 -9.144928 -20.000000
v 77.113953 -9.261818 -50.000000
v 77.113953 -9.261818 -20.000000
v 76.649658 -9.355675 -50.000000
v 76.649658 -9.355675 -20.000000
v 76.181259 -9.426270 -50.000000
v 76.181259 -9.426270 -20.000000
v 75.709930 -9.473434 -50.000000
v 75.709930 -9.473434 -20.000000
v 75.236847 -9.497047 -50.000000
v 75.236847 -9.497047 -20.000000
v 74.763153 -9.497047 -50.000000
v 74.763153 -9.497047 -20.000000
v 74.290070 -9.473434 -50.000000
v 74.290070 -9.473434 -20.000000
v 73.818741 -9.426270 -50.000000
v 73.818741 -9.426270 -20.000000
v 73.350342 -9.355675 -50.000000
v 73.350342 -9.355675 -20.000000
v 72.886047 -9.261818 -50.000000
v 72.886047 -9.261818 -20.000000
v 72.427017 -9.144928 -50.000000
v 72.427017 -9.144928 -20.000000
v 71.974380 -9.005310 -50.000000
v 71.974380 -9.005310 -20.000000
v 71.529266 -8.843300 -50.000000
v 71.529266 -8.843300 -20.000000
v 71.092773 -8.659309 -50.000000
v 71.092773 -8.659309 -20.000000
v 70.666000 -8.453781 -50.000000
v 70.666000 -8.453781 -20.000000
v 70.250000 -8.227242 -50.000000
v 70.250000 -8.227242 -20.000000
v 69.845810 -7.980248 -50.000000
v 69.845810 -7.980248 -20.000000
v 69.454437 -7.713409 -50.000000
v 69.454437 -7.713409 -20.000000
v 69.076843 -7.427399 -50.000000
v 69.076843 -7.427399 -20.000000
v 68.713989 -7.122925 -50.000000
v 68.713989 -7.122925 -20.000000
v 68.366745 -6.800735 -50.000000
v 68.366745 -6.800735 -20.000000
v 68.036011 -6.461639 -50.000000
v 68.036011 -6.461639 -20.000000
v 67.722580 -6.106483 -50.000000
v 67.722580 -6.106483 -20.000000
v 67.427246 -5.736145 -50.000000
v 67.427246 -5.736145 -20.000000
v 67.150726 -5.351540 -50.000000
v 67.150726 -5.351540 -20.000000
v 66.893738 -4.953636 -50.000000
v 66.893738 -4.953636 -20.000000
v 66.656891 -4.543411 -50.000000
v 66.656891 -4.543411 -20.000000
v 66.440796 -4.121895 -50.000000
v 66.440796 -4.121895 -20.000000
v 66.245972 -3.690132 -50.000000
v 66.245972 -3.690132 -20.000000
v 66.072922 -3.249191 -50.000000
v 66.072922 -3.249191 -20.000000
v 65.922058 -2.800171 -50.000000
v 65.922058 -2.800171 -20.000000
v 65.793762 -2.344193 -50.000000
v 65.793762 -2.344193 -20.000000
v 65.688354 -1.882385 -50.000000
v 65.688354 -1.882385 -20.000000
v 65.606110 -1.415901 -50.000000
v 65.606110 -1.415901 -20.000000
v 65.547211 -0.945892 -50.000000
v 65.547211 -0.945892 -20.000000
v 65.511810 -0.473534 -50.000000
v 65.511810 -0.473534 -20.000000
v 65.500000 0.000000 -50.000000
v 65.500000 0.000000 -20.000000
v 65.511810 0.473534 -50.000000
v 65.511810 0.473534 -20.000000
v 65.547211 0.945892 -50.000000
v 65.547211 0.945892 -20.000000
v 65.606110 1.415901 -50.000000
v 65.606110 1.415901 -20.000000
v 65.688354 1.882385 -50.000000
v 65.688354 1.882385 -20.000000
v 65.793762 2.344193 -50.000000
v 65.793762 2.344193 -20.000000
v 65.922058 2.800171 -50.000000
v 65.922058 2.800171 -20.000000
v 66.072922 3.249191 -50.000000
v 66.072922 3.249191 -20.000000
v 66.245972 3.690132 -50.000000
v 66.245972 3.690132 -20.000000
v 66.440796 4.121895 -50.000000
v 66.440796 4.121895 -20.000000
v 66.656891 4.543411 -50.000000
v 66.656891 4.543411 -20.000000
v 66.893738 4.953636 -50.000000
v 66.893738 4.953636 -20.000000
v 67.150726 5.351540 -50.000000
v 67.150726 5.351540 -20.000000
v 67.427246 5.736145 -50.000000
v 67.427246 5.736145 -20.000000
v 67.722580 6.106483 -50.000000
v 67.722580 6.106483 -20.000000
v 68.036011 6.461639 -50.000000
v 68.036011 6.461639 -20.000000
v 68.366745 6.800735 -50.000000
v 68.366745 6.800735 -20.000000
v 68.713989 7.122925 -50.000000
v 68.713989 7.122925 -20.000000
v 69.076843 7.427399 -50.000000
v 69.076843 7.427399 -20.000000
v 69.454437 7.713409 -50.000000
v 69.454437 7.713409 -20.000000
v 69.845810 7.980248 -50.000000
v 69.845810 7.980248 -20.000000
v 70.250000 8.227242 -50.000000
v 70.250000 8.227242 -20.000000
v 70.666000 8.453781 -50.000000
v 70.666000 8.453781 -20.000000
v 71.092773 8.659309 -50.000000
v 71.092773 8.659309 -20.000000
v 71.529266 8.843300 -20.000000
v 71.529266 8.843300 -50.000000
v 71.974380 9.005310 -50.000000
v 71.974380 9.005310 -20.000000
v 72.427017 9.144928 -50.000000
v 72.427017 9.144928 -20.000000
v 72.886047 9.261818 -50.000000
v 72.886047 9.261818 -20.000000
v 73.350342 9.355675 -50.000000
v 73.350342 9.355675 -20.000000
v 73.818741 9.426270 -50.000000
v 73.818741 9.426270 -20.000000
v 74.290070 9.473434 -50.000000
v 74.290070 9.473434 -20.000000
v 74.763153 9.497047 -50.000000
v 74.763153 9.497047 -20.000000
v 75.236847 9.497047 -50.000000
v 75.236847 9.497047 -20.000000
v 75.709930 9.473434 -50.000000
v 75.709930 9.473434 -20.000000
v 76.181259 9.426270 -50.000000
v 76.181259 9.426270 -20.000000
v 76.649658 9.355675 -50.000000
v 76.649658 9.355675 -20.000000
v 77.113953 9.261818 -20.000000
v 77.113953 9.261818 -50.000000
v 77.572983 9.144928 -50.000000
v 77.572983 9.144928 -20.000000
v 78.025620 9.005310 -50.000000
v 78.025620 9.005310 -20.000000
v 78.470734 8.843300 -50.000000
v 78.470734 8.843300 -20.000000
v 78.907227 8.659309 -50.000000
v 78.907227 8.659309 -20.000000
v 79.334000 8.453781 -20.000000
v 79.334000 8.453781 -50.000000
v 79.750000 8.227242 -50.000000
v 79.750000 8.227242 -20.000000
v 80.154190 7.980248 -50.000000
v 80.154190 7.980248 -20.000000
v 80.545563 7.713409 -20.000000
v 80.545563 7.713409 -50.000000
v 80.923157 7.427399 -50.000000
v 80.923157 7.427399 -20.000000
v 81.286011 7.122925 -50.000000
v 81.286011 7.122925 -20.000000
v 81.633255 6.800735 -50.000000
v 81.633255 6.800735 -20.000000
v 81.963989 6.461639 -50.000000
v 81.963989 6.461639 -20.000000
v 82.277420 6.106483 -50.000000
v 82.277420 6.106483 -20.000000
v 82.572754 5.736145 -50.000000
v 82.572754 5.736145 -20.000000
v 82.849274 5.351540 -50.000000
v 82.849274 5.351540 -20.000000
v 83.106262 4.953636 -50.000000
v 83.106262 4.953636 -20.000000
v 83.343109 4.543411 -50.000000
v 83.343109 4.543411 -20.000000
v 83.559204 4.121895 -50.000000
v 83.559204 4.121895 -20.000000
v 83.754028 3.690132 -50.000000
v 83.754028 3.690132 -20.000000
v 83.927078 3.249191 -50.000000
v 83.927078 3.249191 -20.000000
v 84.077942 2.800171 -50.000000
v 84.077942 2.800171 -20.000000
v 84.206238 2.344193 -50.000000
v 84.206238 2.344193 -20.000000
v 84.311646 1.882385 -50.000000
v 84.311646 1.882385 -20.000000
v 84.393890 1.415901 -50.000000
v 84.393890 1.415901 -20.000000
v 84.452789 0.945892 -50.000000
v 84.452789 0.945892 -20.000000
v 84.488190 0.473534 -50.000000
v 84.488190 0.473534 -20.000000
v -65.500000 0.000000 -50.000000
v -65.511810 -0.473534 -50.000000
v -65.500000 0.000000 -20.000000
v -65.511810 -0.473534 -20.000000
v -65.547207 -0.945892 -50.000000
v -65.547207 -0.945892 -20.000000
v -65.606106 -1.415901 -50.000000
v -65.606106 -1.415901 -20.000000
v -65.688362 -1.882385 -50.000000
v -65.688362 -1.882385 -20.000000
v -65.793766 -2.344193 -50.000000
v -65.793766 -2.344193 -20.000000
v -65.922058 -2.800171 -50.000000
v -65.922058 -2.800171 -20.000000
v -66.072922 -3.249191 -50.000000
v -66.072922 -3.249191 -20.000000
v -66.245975 -3.690132 -50.000000
v -66.245975 -3.690132 -20.000000
v -66.440796 -4.121895 -50.000000
v -66.440796 -4.121895 -20.000000
v -66.656895 -4.543411 -50.000000
v -66.656895 -4.543411 -20.000000
v -66.893738 -4.953636 -50.000000
v -66.893738 -4.953636 -20.000000
v -67.150730 -5.351540 -50.000000
v -67.150730 -5.351540 -20.000000
v -67.427242 -5.736145 -50.000000
v -67.427242 -5.736145 -20.000000
v -67.722576 -6.106483 -50.000000
v -67.722576 -6.106483 -20.000000
v -68.036007 -6.461639 -50.000000
v -68.036007 -6.461639 -20.000000
v -68.366749 -6.800735 -50.000000
v -68.366749 -6.800735 -20.000000
v -68.713985 -7.122925 -50.000000
v -68.713985 -7.122925 -20.000000
v -69.076847 -7.427399 -50.000000
v -69.076847 -7.427399 -20.000000
v -69.454433 -7.713409 -50.000000
v -69.454433 -7.713409 -20.000000
v -69.845810 -7.980248 -50.000000
v -69.845810 -7.980248 -20.000000
v -70.250000 -8.227242 -50.000000
v -70.250000 -8.227242 -20.000000
v -70.666000 -8.453781 -50.000000
v -70.666000 -8.453781 -20.000000
v -71.092773 -8.659309 -50.000000
v -71.092773 -8.659309 -20.000000
v -71.529259 -8.843300 -50.000000
v -71.529259 -8.843300 -20.000000
v -71.974377 -9.005310 -50.000000
v -71.974377 -9.005310 -20.000000
v -72.427017 -9.144928 -50.000000
v -72.427017 -9.144928 -20.000000
v -72.886051 -9.261818 -50.000000
v -72.886051 -9.261818 -20.000000
v -73.350342 -9.355675 -50.000000
v -73.350342 -9.355675 -20.000000
v -73.818733 -9.426270 -50.000000
v -73.818733 -9.426270 -20.000000
v -74.290066 -9.473434 -50.000000
v -74.290066 -9.473434 -20.000000
v -74.763157 -9.497047 -50.000000
v -74.763157 -9.497047 -20.000000
v -75.236843 -9.497047 -50.000000
v -75.236843 -9.497047 -20.000000
v -75.709934 -9.473434 -50.000000
v -75.709934 -9.473434 -20.000000
v -76.181267 -9.426270 -50.000000
v -76.181267 -9.426270 -20.000000
v -76.649658 -9.355675 -50.000000
v -76.649658 -9.355675 -20.000000
v -77.113949 -9.261818 -50.000000
v -77.113949 -9.261818 -20.000000
v -77.572983 -9.144928 -50.000000
v -77.572983 -9.144928 -20.000000
v -78.025623 -9.005310 -50.000000
v -78.025623 -9.005310 -20.000000
v -78.470741 -8.843300 -50.000000
v -78.470741 -8.843300 -20.000000
v -78.907227 -8.659309 -50.000000
v -78.907227 -8.659309 -20.000000
v -79.334000 -8.453781 -50.000000
v -79.334000 -8.453781 -20.000000
v -79.750000 -8.227242 -50.000000
v -79.750000 -8.227242 -20.000000
v -80.154190 -7.980248 -50.000000
v -80.154190 -7.980248 -20.000000
v -80.545567 -7.713409 -50.000000
v -80.545567 -7.713409 -20.000000
v -80.923153 -7.427399 -50.000000
v -80.923153 -7.427399 -20.000000
v -81.286015 -7.122925 -50.000000
v -81.286015 -7.122925 -20.000000
v -81.633251 -6.800735 -50.000000
v -81.633251 -6.800735 -20.000000
v -81.963993 -6.461639 -50.000000
v -81.963993 -6.461639 -20.000000
v -82.277424 -6.106483 -50.000000
v -82.277424 -6.106483 -20.000000
v -82.572758 -5.736145 -50.000000
v -82.572758 -5.736145 -20.000000
v -82.849270 -5.351540 -50.000000
v -82.849270 -5.351540 -20.000000
v -83.106264 -4.953636 -50.000000
v -83.106264 -4.953636 -20.000000
v -83.343105 -4.543411 -50.000000
v -83.343105 -4.543411 -20.000000
v -83.559204 -4.121895 -50.000000
v -83.559204 -4.121895 -20.000000
v -83.754025 -3.690132 -50.000000
v -83.754025 -3.690132 -20.000000
v -83.927080 -3.249191 -50.000000
v -83.927080 -3.249191 -20.000000
v -84.077942 -2.800171 -50.000000
v -84.077942 -2.800171 -20.000000
v -84.206234 -2.344193 -50.000000
v -84.206234 -2.344193 -20.000000
v -84.311638 -1.882385 -50.000000
v -84.311638 -1.882385 -20.000000
v -84.393892 -1.415901 -50.000000
v -84.393892 -1.415901 -20.000000
v -84.452793 -0.945892 -50.000000
v -84.452793 -0.945892 -20.000000
v -84.488192 -0.473534 -50.000000
v -84.488192 -0.473534 -20.000000
v -84.500000 0.000000 -50.000000
v -84.500000 0.000000 -20.000000
v -84.488192 0.473534 -50.000000
v -84.488192 0.473534 -20.000000
v -84.452793 0.945892 -50.000000
v -84.452793 0.945892 -20.000000
v -84.393892 1.415901 -50.000000
v -84.393892 1.415901 -20.000000
v -84.311638 1.882385 -50.000000
v -84.311638 1.882385 -20.000000
v -84.206234 2.344193 -50.000000
v -84.206234 2.344193 -20.000000
v -84.077942 2.800171 -50.000000
v -84.077942 2.800171 -20.000000
v -83.927080 3.249191 -50.000000
v -83.927080 3.249191 -20.000000
v -83.754025 3.690132 -50.000000
v -83.754025 3.690132 -20.000000
v -83.559204 4.121895 -50.000000
v -83.559204 4.121895 -20.000000
v -83.343105 4.543411 -50.000000
v -83.343105 4.543411 -20.000000
v -83.106264 4.953636 -50.000000
v -83.106264 4.953636 -20.000000
v -82.849270 5.351540 -50.000000
v -82.849270 5.351540 -20.000000
v -82.572758 5.736145 -50.000000
v -82.572758 5.736145 -20.000000
v -82.277424 6.106483 -50.000000
v -82.277424 6.106483 -20.000000
v -81.963993 6.461639 -50.000000
v -81.963993 6.461639 -20.000000
v -81.633251 6.800735 -50.000000
v -81.633251 6.800735 -20.000000
v -81.286015 7.122925 -50.000000
v -81.286015 7.122925 -20.000000
v -80.923153 7.427399 -50.000000
v -80.923153 7.427399 -20.000000
v -80.545567 7.713409 -50.000000
v -80.545567 7.713409 -20.000000
v -80.154190 7.980248 -50.000000
v -80.154190 7.980248 -20.000000
v -79.750000 8.227242 -50.000000
v -79.750000 8.227242 -20.000000
v -79.334000 8.453781 -50.000000
v -79.334000 8.453781 -20.000000
v -78.907227 8.659309 -50.000000
v -78.907227 8.659309 -20.000000
v -78.470741 8.843300 -20.000000
v -78.470741 8.843300 -50.000000
v -78.025623 9.005310 -50.000000
v -78.025623 9.005310 -20.000000
v -77.572983 9.144928 -50.000000
v -77.572983 9.144928 -20.000000
v -77.113949 9.261818 -50.000000
v -77.113949 9.261818 -20.000000
v -76.649658 9.355675 -50.000000
v -76.649658 9.355675 -20.000000
v -76.181267 9.426270 -50.000000
v -76.181267 9.426270 -20.000000
v -75.709934 9.473434 -50.000000
v -75.709934 9.473434 -20.000000
v -75.236843 9.497047 -50.000000
v -75.236843 9.497047 -20.000000
v -74.763157 9.497047 -50.000000
v -74.763157 9.497047 -20.000000
v -74.290066 9.473434 -50.000000
v -74.290066 9.473434 -20.000000
v -73.818733 9.426270 -50.000000
v -73.818733 9.426270 -20.000000
v -73.350342 9.355675 -50.000000
v -73.350342 9.355675 -20.000000
v -72.886051 9.261818 -20.000000
v -72.886051 9.261818 -50.000000
v -72.427017 9.144928 -50.000000
v -72.427017 9.144928 -20.000000
v -71.974377 9.005310 -50.000000
v -71.974377 9.005310 -20.000000
v -71.529259 8.843300 -50.000000
v -71.529259 8.843300 -20.000000
v -71.092773 8.659309 -50.000000
v -71.092773 8.659309 -20.000000
v -70.666000 8.453781 -20.000000
v -70.666000 8.453781 -50.000000
v -70.250000 8.227242 -50.000000
v -70.250000 8.227242 -20.000000
v -69.845810 7.980248 -50.000000
v -69.845810 7.980248 -20.000000
v -69.454433 7.713409 -20.000000
v -69.454433 7.713409 -50.000000
v -69.076847 7.427399 -50.000000
v -69.076847 7.427399 -20.000000
v -68.713985 7.122925 -50.000000
v -68.713985 7.122925 -20.000000
v -68.366749 6.800735 -50.000000
v -68.366749 6.800735 -20.000000
v -68.036007 6.461639 -50.000000
v -68.036007 6.461639 -20.000000
v -67.722576 6.106483 -50.000000
v -67.722576 6.106483 -20.000000
v -67.427242 5.736145 -50.000000
v -67.427242 5.736145 -20.000000
v -67.150730 5.351540 -50.000000
v -67.150730 5.351540 -20.000000
v -66.893738 4.953636 -50.000000
v -66.893738 4.953636 -20.000000
v -66.656895 4.543411 -50.000000
v -66.656895 4.543411 -20.000000
v -66.440796 4.121895 -50.000000
v -66.440796 4.121895 -20.000000
v -66.245975 3.690132 -50.000000
v -66.245975 3.690132 -20.000000
v -66.072922 3.249191 -50.000000
v -66.072922 3.249191 -20.000000
v -65.922058 2.800171 -50.000000
v -65.922058 2.800171 -20.000000
v -65.793766 2.344193 -50.000000
v -65.793766 2.344193 -20.000000
v -65.688362 1.882385 -50.000000
v -65.688362 1.882385 -20.000000
v -65.606106 1.415901 -50.000000
v -65.606106 1.415901 -20.000000
v -65.547207 0.945892 -50.000000
v -65.547207 0.945892 -20.000000
v -65.511810 0.473534 -50.000000
v -65.511810 0.473534 -20.000000
v -90.000000 15.000000 -20.000000
v -90.000000 -15.000000 -50.000000
v -90.000000 -15.000000 -20.000000
v -90.000000 15.000000 -50.000000
v -17.000000 -15.000000 -50.000000
v -17.000000 15.000000 -50.000000
v -17.000000 -15.000000 -20.000000
v -17.000000 15.000000 -20.000000
v 17.000000 -15.000000 -20.000000
v 17.000000 15.000000 -20.000000
v 17.000000 -15.000000 -50.000000
v 17.000000 15.000000 -50.000000
v 90.000000 -15.000000 -50.000000
v 90.000000 15.000000 -50.000000
v 90.000000 -15.000000 -20.000000
v 90.000000 15.000000 -20.000000
v 30.000000 -15.000000 -20.000000
v 30.000000 15.000000 -20.000000
v 30.000000 -15.000000 50.000000
v 30.000000 15.000000 50.000000
v -30.000000 15.000000 50.000000
v -30.000000 -15.000000 50.000000
v -30.000000 -15.000000 -20.000000
v -30.000000 15.000000 -20.000000

usemtl mat2
f 1 2 3
f 3 2 4
f 4 5 6
f 2 5 4
f 6 7 8
f 5 7 6
f 8 9 10
f 7 9 8
f 10 11 12
f 9 11 10
f 12 13 14
f 11 13 12
f 14 15 16
f 13 15 14
f 16 17 18
f 15 17 16
f 18 19 20
f 17 19 18
f 20 21 22
f 19 21 20
f 21 23 22
f 22 23 24
f 23 25 24
f 24 25 26
f 25 27 26
f 26 27 28
f 27 29 28
f 28 29 30
f 29 31 30
f 30 31 32
f 31 33 32
f 32 33 34
f 33 35 34
f 34 35 36
f 35 37 36
f 36 37 38
f 37 39 38
f 38 39 40
f 39 41 40
f 40 41 42
f 41 43 42
f 42 43 44
f 43 45 44
f 44 45 46
f 46 47 48
f 45 47 46
f 48 49 50
f 47 49 48
f 50 51 52
f 49 51 50
f 52 53 54
f 51 53 52
f 54 55 56
f 53 55 54
f 56 57 58
f 55 57 56
f 58 59 60
f 57 59 58
f 60 61 62
f 59 61 60
f 62 63 64
f 61 63 62
f 64 65 66
f 63 65 64
f 66 67 68
f 65 67 66
f 68 69 70
f 67 69 68
f 70 71 72
f 69 71 70
f 72 73 74
f 71 73 72
f 73 75 74
f 74 75 76
f 75 77 76
f 76 77 78
f 77 79 78
f 78 79 80
f 79 81 80
f 80 81 82
f 81 83 82
f 82 83 84
f 83 85 84
f 84 85 86
f 85 87 86
f 86 87 88
f 87 89 88
f 88 89 90
f 89 91 90
f 90 91 92
f 91 93 92
f 92 93 94
f 93 95 94
f 94 95 96
f 95 97 96
f 96 97 98
f 97 99 98
f 98 99 100
f 99 101 100
f 100 101 102
f 101 103 102
f 102 103 104
f 103 105 104
f 104 105 106
f 105 107 106
f 106 107 108
f 107 109 108
f 108 109 110
f 109 111 110
f 110 111 112
f 111 113 112
f 112 113 114
f 113 115 114
f 114 115 116
f 116 117 118
f 115 117 116
f 118 119 120
f 117 119 118
f 120 121 122
f 119 121 120
f 122 123 124
f 121 123 122
f 123 125 124
f 124 125 126
f 125 127 126
f 126 127 128
f 127 129 128
f 128 129 130
f 129 131 130
f 130 131 132
f 131 133 132
f 132 133 134
f 133 135 134
f 134 135 136
f 135 137 136
f 136 137 138
f 137 139 138
f 138 139 140
f 139 141 140
f 140 141 142
f 141 143 142
f 142 143 144
f 143 145 144
f 144 145 146
f 145 147 146
f 146 147 148
f 148 149 150
f 147 149 148
f 150 151 152
f 149 151 150
f 152 153 154
f 151 153 152
f 154 155 156
f 153 155 154
f 156 157 158
f 155 157 156
f 158 159 160
f 157 159 158
f 160 161 162
f 159 161 160
f 162 163 164
f 161 163 162
f 164 165 166
f 163 165 164
f 166 167 168
f 165 167 166
f 168 169 170
f 167 169 168
f 170 171 172
f 169 171 170
f 172 173 174
f 174 173 175
f 171 173 172
f 173 176 175
f 176 177 175
f 175 177 178
f 177 179 178
f 178 179 180
f 179 181 180
f 180 181 182
f 181 183 182
f 182 183 184
f 184 185 186
f 183 185 184
f 186 187 188
f 185 187 186
f 188 189 190
f 187 189 188
f 190 191 192
f 189 191 190
f 192 193 194
f 191 193 192
f 194 195 196
f 193 195 194
f 196 197 198
f 198 197 199
f 195 197 196
f 197 200 199
f 199 201 202
f 200 201 199
f 202 203 204
f 201 203 202
f 204 205 206
f 203 205 204
f 206 207 208
f 208 207 209
f 205 207 206
f 207 210 209
f 209 211 212
f 210 211 209
f 212 213 214
f 214 213 215
f 211 213 212
f 213 216 215
f 215 217 218
f 216 217 215
f 218 219 220
f 217 219 218
f 220 221 222
f 219 221 220
f 222 223 224
f 221 223 222
f 223 225 224
f 224 225 226
f 225 227 226
f 226 227 228
f 227 229 228
f 228 229 230
f 229 231 230
f 230 231 232
f 231 233 232
f 232 233 234
f 233 235 234
f 234 235 236
f 235 237 236
f 236 237 238
f 237 239 238
f 238 239 240
f 239 241 240
f 240 241 242
f 241 243 242
f 242 243 244
f 243 245 244
f 244 245 246
f 245 247 246
f 246 247 248
f 247 249 248
f 248 249 250
f 249 251 250
f 250 251 252
f 252 1 3
f 251 1 252
f 253 254 255
f 255 254 256
f 256 257 258
f 254 257 256
f 258 259 260
f 257 259 258
f 260 261 262
f 259 261 260
f 262 263 264
f 261 263 262
f 264 265 266
f 263 265 264
f 266 267 268
f 265 267 266
f 268 269 270
f 267 269 268
f 270 271 272
f 269 271 270
f 272 273 274
f 271 273 272
f 273 275 274
f 274 275 276
f 275 277 276
f 276 277 278
f 277 279 278
f 278 279 280
f 279 281 280
f 280 281 282
f 281 283 282
f 282 283 284
f 283 285 284
f 284 285 286
f 285 287 286
f 286 287 288
f 287 289 288
f 288 289 290
f 289 291 290
f 290 291 292
f 291 293 292
f 292 293 294
f 293 295 294
f 294 295 296
f 295 297 296
f 296 297 298
f 298 299 300
f 297 299 298
f 300 301 302
f 299 301 300
f 302 303 304
f 301 303 302
f 304 305 306
f 303 305 304
f 306 307 308
f 305 307 306
f 308 309 310
f 307 309 308
f 310 311 312
f 309 311 310
f 312 313 314
f 311 313 312
f 314 315 316
f 313 315 314
f 316 317 318
f 315 317 316
f 318 319 320
f 317 319 318
f 320 321 322
f 319 321 320
f 322 323 324
f 321 323 322
f 324 325 326
f 323 325 324
f 325 327 326
f 326 327 328
f 327 329 328
f 328 329 330
f 329 331 330
f 330 331 332
f 331 333 332
f 332 333 334
f 333 335 334
f 334 335 336
f 335 337 336
f 336 337 338
f 337 339 338
f 338 339 340
f 339 341 340
f 340 341 342
f 341 343 342
f 342 343 344
f 343 345 344
f 344 345 346
f 345 347 346
f 346 347 348
f 347 349 348
f 348 349 350
f 349 351 350
f 350 351 352
f 351 353 352
f 352 353 354
f 353 355 354
f 354 355 356
f 355 357 356
f 356 357 358
f 357 359 358
f 358 359 360
f 359 361 360
f 360 361 362
f 361 363 362
f 362 363 364
f 363 365 364
f 364 365 366
f 365 367 366
f 366 367 368
f 368 369 370
f 367 369 368
f 370 371 372
f 369 371 370
f 372 373 374
f 371 373 372
f 374 375 376
f 373 375 374
f 375 377 376
f 376 377 378
f 377 379 378
f 378 379 380
f 379 381 380
f 380 381 382
f 381 383 382
f 382 383 384
f 383 385 384
f 384 385 386
f 385 387 386
f 386 387 388
f 387 389 388
f 388 389 390
f 389 391 390
f 390 391 392
f 391 393 392
f 392 393 394
f 393 395 394
f 394 395 396
f 395 397 396
f 396 397 398
f 397 399 398
f 398 399 400
f 400 401 402
f 399 401 400
f 402 403 404
f 401 403 402
f 404 405 406
f 403 405 404
f 406 407 408
f 405 407 406
f 408 409 410
f 407 409 408
f 410 411 412
f 409 411 410
f 412 413 414
f 411 413 412
f 414 415 416
f 413 415 414
f 416 417 418
f 415 417 416
f 418 419 420
f 417 419 418
f 420 421 422
f 419 421 420
f 422 423 424
f 421 423 422
f 424 425 426
f 426 425 427
f 423 425 424
f 425 428 427
f 428 429 427
f 427 429 430
f 429 431 430
f 430 431 432
f 431 433 432
f 432 433 434
f 433 435 434
f 434 435 436
f 436 437 438
f 435 437 436
f 438 439 440
f 437 439 438
f 440 441 442
f 439 441 440
f 442 443 444
f 441 443 442
f 444 445 446
f 443 445 444
f 446 447 448
f 445 447 446
f 448 449 450
f 450 449 451
f 447 449 448
f 449 452 451
f 451 453 454
f 452 453 451
f 454 455 456
f 453 455 454
f 456 457 458
f 455 457 456
f 458 459 460
f 460 459 461
f 457 459 458
f 459 462 461
f 461 463 464
f 462 463 461
f 464 465 466
f 466 465 467
f 463 465 464
f 465 468 467
f 467 469 470
f 468 469 467
f 470 471 472
f 469 471 470
f 472 473 474
f 471 473 472
f 474 475 476
f 473 475 474
f 475 477 476
f 476 477 478
f 477 479 478
f 478 479 480
f 479 481 480
f 480 481 482
f 481 483 482
f 482 483 484
f 483 485 484
f 484 485 486
f 485 487 486
f 486 487 488
f 487 489 488
f 488 489 490
f 489 491 490
f 490 491 492
f 491 493 492
f 492 493 494
f 493 495 494
f 494 495 496
f 495 497 496
f 496 497 498
f 497 499 498
f 498 499 500
f 499 501 500
f 500 501 502
f 501 503 502
f 502 503 504
f 504 253 255
f 503 253 504
f 505 506 507
f 505 508 506
f 283 509 285
f 287 285 509
f 281 509 283
f 289 287 509
f 279 509 281
f 291 289 509
f 277 509 279
f 293 291 509
f 275 509 277
f 295 293 509
f 273 509 275
f 297 295 509
f 271 509 273
f 299 297 509
f 269 509 271
f 301 299 509
f 267 509 269
f 303 301 509
f 265 509 267
f 305 303 509
f 263 509 265
f 307 305 509
f 261 509 263
f 259 509 261
f 257 509 259
f 254 509 257
f 253 510 509
f 253 509 254
f 503 510 253
f 501 510 503
f 499 510 501
f 497 510 499
f 495 510 497
f 493 510 495
f 491 510 493
f 489 510 491
f 487 510 489
f 485 510 487
f 483 510 485
f 481 510 483
f 479 510 481
f 477 510 479
f 475 510 477
f 506 313 311
f 506 311 309
f 506 309 307
f 506 307 509
f 506 347 345
f 506 345 343
f 506 343 341
f 506 341 339
f 506 339 337
f 506 337 335
f 506 335 333
f 506 333 331
f 506 331 329
f 506 329 327
f 506 327 325
f 506 325 323
f 506 323 321
f 506 321 319
f 506 319 317
f 506 317 315
f 506 315 313
f 473 510 475
f 349 347 506
f 471 510 473
f 351 349 506
f 469 510 471
f 353 351 506
f 468 510 469
f 355 353 506
f 465 510 468
f 357 355 506
f 463 510 465
f 359 357 506
f 361 359 506
f 363 361 506
f 365 363 506
f 367 365 506
f 369 367 506
f 371 369 506
f 373 371 506
f 375 373 506
f 377 375 506
f 379 377 506
f 508 379 506
f 508 447 445
f 508 445 443
f 508 443 441
f 508 441 439
f 508 439 437
f 508 437 435
f 508 435 433
f 508 433 431
f 508 431 429
f 508 429 428
f 508 428 425
f 508 425 423
f 508 423 421
f 508 421 419
f 508 419 417
f 508 417 415
f 508 415 413
f 508 413 411
f 508 411 409
f 508 409 407
f 508 407 405
f 508 405 403
f 508 403 401
f 508 401 399
f 508 399 397
f 508 397 395
f 508 395 393
f 508 393 391
f 508 391 389
f 508 389 387
f 508 387 385
f 508 385 383
f 508 383 381
f 508 381 379
f 508 510 447
f 447 510 449
f 449 510 452
f 452 510 453
f 453 510 455
f 455 510 457
f 457 510 459
f 459 510 462
f 462 510 463
f 510 511 509
f 510 512 511
f 512 513 511
f 512 514 513
f 514 515 513
f 514 516 515
f 31 517 33
f 35 33 517
f 29 517 31
f 37 35 517
f 27 517 29
f 39 37 517
f 25 517 27
f 41 39 517
f 23 517 25
f 43 41 517
f 21 517 23
f 45 43 517
f 19 517 21
f 47 45 517
f 17 517 19
f 49 47 517
f 15 517 17
f 51 49 517
f 13 517 15
f 53 51 517
f 11 517 13
f 55 53 517
f 9 517 11
f 57 55 517
f 7 517 9
f 59 57 517
f 5 517 7
f 61 59 517
f 2 517 5
f 63 61 517
f 1 517 2
f 65 63 517
f 67 65 517
f 69 67 517
f 71 69 517
f 73 71 517
f 518 1 251
f 518 251 249
f 518 249 247
f 518 247 245
f 518 245 243
f 518 243 241
f 518 241 239
f 518 239 237
f 518 237 235
f 518 235 233
f 518 233 231
f 518 231 229
f 518 229 227
f 518 227 225
f 518 225 223
f 518 517 1
f 221 518 223
f 219 518 221
f 217 518 219
f 216 518 217
f 213 518 216
f 211 518 213
f 210 518 211
f 207 518 210
f 205 518 207
f 203 518 205
f 201 518 203
f 200 518 201
f 197 518 200
f 195 518 197
f 193 518 195
f 191 518 193
f 189 518 191
f 187 518 189
f 185 518 187
f 515 127 125
f 515 125 123
f 515 123 121
f 515 121 119
f 515 119 117
f 515 117 115
f 515 115 113
f 515 113 111
f 515 111 109
f 515 109 107
f 515 107 105
f 515 105 103
f 515 103 101
f 515 101 99
f 515 99 97
f 515 97 95
f 515 95 93
f 515 93 91
f 515 91 89
f 515 89 87
f 515 87 85
f 515 85 83
f 515 83 81
f 515 81 79
f 515 79 77
f 515 77 75
f 515 75 73
f 515 73 517
f 516 127 515
f 516 169 167
f 516 167 165
f 516 165 163
f 516 163 161
f 516 161 159
f 516 159 157
f 516 157 155
f 516 155 153
f 516 153 151
f 516 151 149
f 516 149 147
f 516 147 145
f 516 145 143
f 516 143 141
f 516 141 139
f 516 139 137
f 516 137 135
f 516 135 133
f 516 133 131
f 516 131 129
f 516 129 127
f 516 518 185
f 516 185 183
f 516 183 181
f 516 181 179
f 516 179 177
f 516 177 176
f 516 176 173
f 516 173 171
f 516 171 169
f 518 519 517
f 518 520 519
f 98 521 96
f 94 96 521
f 100 521 98
f 92 94 521
f 102 521 100
f 90 92 521
f 104 521 102
f 88 90 521
f 106 521 104
f 86 88 521
f 108 521 106
f 84 86 521
f 110 521 108
f 82 84 521
f 112 521 110
f 80 82 521
f 114 521 112
f 78 80 521
f 116 521 114
f 76 78 521
f 118 521 116
f 74 76 521
f 120 521 118
f 72 74 521
f 122 521 120
f 124 521 122
f 126 521 124
f 128 522 521
f 128 521 126
f 130 522 128
f 132 522 130
f 134 522 132
f 136 522 134
f 138 522 136
f 140 522 138
f 142 522 140
f 144 522 142
f 146 522 144
f 148 522 146
f 150 522 148
f 152 522 150
f 154 522 152
f 156 522 154
f 158 522 156
f 519 34 36
f 519 36 38
f 519 38 40
f 519 40 42
f 519 42 44
f 519 44 46
f 519 46 48
f 519 48 50
f 519 50 52
f 519 52 54
f 519 54 56
f 519 56 58
f 519 58 60
f 519 60 62
f 519 62 64
f 519 64 66
f 519 66 68
f 519 68 70
f 519 72 521
f 519 70 72
f 160 522 158
f 32 34 519
f 162 522 160
f 30 32 519
f 164 522 162
f 28 30 519
f 166 522 164
f 26 28 519
f 168 522 166
f 24 26 519
f 170 522 168
f 22 24 519
f 172 522 170
f 20 22 519
f 18 20 519
f 16 18 519
f 14 16 519
f 12 14 519
f 10 12 519
f 8 10 519
f 6 8 519
f 4 6 519
f 3 4 519
f 520 194 196
f 520 196 198
f 520 198 199
f 520 3 519
f 520 199 202
f 520 202 204
f 520 204 206
f 520 206 208
f 520 208 209
f 520 209 212
f 520 212 214
f 520 214 215
f 520 215 218
f 520 218 220
f 520 220 222
f 520 222 224
f 520 224 226
f 520 226 228
f 520 228 230
f 520 230 232
f 520 232 234
f 520 234 236
f 520 236 238
f 520 238 240
f 520 240 242
f 520 242 244
f 520 244 246
f 520 246 248
f 520 248 250
f 520 250 252
f 520 252 3
f 520 188 190
f 520 190 192
f 520 192 194
f 520 522 188
f 188 522 186
f 186 522 184
f 184 522 182
f 182 522 180
f 180 522 178
f 178 522 175
f 175 522 174
f 174 522 172
f 522 523 521
f 522 524 523
f 523 525 526
f 524 525 523
f 525 527 526
f 525 528 527
f 350 507 348
f 346 348 507
f 352 507 350
f 344 346 507
f 354 507 352
f 342 344 507
f 356 507 354
f 340 342 507
f 358 507 356
f 338 340 507
f 360 507 358
f 336 338 507
f 362 507 360
f 334 336 507
f 364 507 362
f 332 334 507
f 366 507 364
f 330 332 507
f 368 507 366
f 328 330 507
f 370 507 368
f 326 328 507
f 372 507 370
f 324 326 507
f 374 507 372
f 322 324 507
f 376 507 374
f 320 322 507
f 378 507 376
f 318 320 507
f 380 507 378
f 316 318 507
f 314 316 507
f 312 314 507
f 310 312 507
f 505 380 382
f 505 382 384
f 505 384 386
f 505 386 388
f 505 388 390
f 505 390 392
f 505 392 394
f 505 394 396
f 505 396 398
f 505 398 400
f 505 400 402
f 505 402 404
f 505 404 406
f 505 406 408
f 505 408 410
f 505 507 380
f 412 505 410
f 414 505 412
f 416 505 414
f 418 505 416
f 420 505 418
f 422 505 420
f 424 505 422
f 426 505 424
f 427 505 426
f 430 505 427
f 432 505 430
f 434 505 432
f 436 505 434
f 438 505 436
f 440 505 438
f 442 505 440
f 444 505 442
f 446 505 444
f 527 255 256
f 527 256 258
f 527 258 260
f 527 260 262
f 527 262 264
f 527 264 266
f 527 266 268
f 527 310 507
f 527 268 270
f 527 270 272
f 527 272 274
f 527 274 276
f 527 276 278
f 527 278 280
f 527 280 282
f 527 282 284
f 527 284 286
f 527 286 288
f 527 288 290
f 527 290 292
f 527 292 294
f 527 294 296
f 527 296 298
f 527 298 300
f 527 300 302
f 527 302 304
f 527 304 306
f 527 306 308
f 527 308 310
f 528 461 464
f 528 464 466
f 528 466 467
f 528 467 470
f 528 470 472
f 528 472 474
f 528 474 476
f 528 476 478
f 528 478 480
f 528 480 482
f 528 482 484
f 528 484 486
f 528 486 488
f 528 488 490
f 528 490 492
f 528 492 494
f 528 494 496
f 528 496 498
f 528 498 500
f 528 500 502
f 528 502 504
f 528 504 255
f 528 255 527
f 528 505 446
f 528 446 448
f 528 448 450
f 528 450 451
f 528 451 454
f 528 454 456
f 528 456 458
f 528 458 460
f 528 460 461
f 528 510 508
f 528 508 505
f 512 510 528
f 522 516 514
f 525 512 528
f 518 516 522
f 520 518 522
f 524 514 512
f 524 512 525
f 524 522 514
f 506 527 507
f 527 511 526
f 506 509 527
f 527 509 511
f 526 513 523
f 511 513 526
f 513 521 523
f 513 515 521
f 521 517 519
f 515 517 521