mtllib assembly2.mtl
o obj5

v 5.792450 9.989037 -5.000000
v 5.497894 5.101295 -5.000000
v 5.236771 5.369003 -5.000000
v 4.962646 5.623360 -5.000000
v 5.745331 4.820908 -5.000000
v 4.676178 5.863739 -5.000000
v 5.978500 4.528534 -5.000000
v 4.378082 6.089539 -5.000000
v 6.196793 4.224899 -5.000000
v 4.069092 6.300194 -5.000000
v 6.399689 3.910767 -5.000000
v 3.750000 6.495193 -5.000000
v 11.546982 -0.021896 -5.000000
v 6.586655 3.586906 -5.000000
v 3.421585 6.674042 -5.000000
v 6.757263 3.254127 -5.000000
v 3.084656 6.836296 -5.000000
v 6.911072 2.913261 -5.000000
v 2.740051 6.981552 -5.000000
v 7.047699 2.565147 -5.000000
v 2.388657 7.109451 -5.000000
v 7.166794 2.210663 -5.000000
v 2.031311 7.219681 -5.000000
v 7.268082 1.850677 -5.000000
v 1.668900 7.311958 -5.000000
v 7.351288 1.486099 -5.000000
v 1.302368 7.386055 -5.000000
v 7.416229 1.117821 -5.000000
v 0.932571 7.441795 -5.000000
v 7.462738 0.746758 -5.000000
v 0.560471 7.479027 -5.000000
v 7.490677 0.373840 -5.000000
v 0.186981 7.497665 -5.000000
v 7.500000 0.000000 -5.000000
v 7.490677 -0.373840 -5.000000
v 7.462738 -0.746758 -5.000000
v 7.416229 -1.117821 -5.000000
v 7.351288 -1.486099 -5.000000
v 7.268082 -1.850677 -5.000000
v 7.166794 -2.210663 -5.000000
v 7.047699 -2.565147 -5.000000
v -0.186981 7.497665 -5.000000
v -5.754532 10.010925 -5.000000
v -0.560471 7.479027 -5.000000
v -0.932571 7.441795 -5.000000
v -1.302368 7.386055 -5.000000
v -1.668900 7.311958 -5.000000
v -2.031311 7.219681 -5.000000
v -2.388657 7.109451 -5.000000
v -2.740051 6.981552 -5.000000
v 6.911072 -2.913261 -5.000000
v -3.084656 6.836296 -5.000000
v 6.757263 -3.254127 -5.000000
v -3.421585 6.674042 -5.000000
v 6.586655 -3.586906 -5.000000
v -3.750000 6.495193 -5.000000
v 6.399689 -3.910767 -5.000000
v -4.069092 6.300194 -5.000000
v -4.378082 6.089539 -5.000000
v -4.676178 5.863739 -5.000000
v -4.962646 5.623360 -5.000000
v -5.236771 5.369003 -5.000000
v -5.497894 5.101295 -5.000000
v -5.745331 4.820908 -5.000000
v -5.978500 4.528534 -5.000000
v -6.196793 4.224899 -5.000000
v -6.399689 3.910767 -5.000000
v 3.084656 -6.836296 -5.000000
v 5.754532 -10.010925 -5.000000
v 2.740051 -6.981552 -5.000000
v 3.421585 -6.674042 -5.000000
v 3.750000 -6.495193 -5.000000
v 4.069092 -6.300194 -5.000000
v 4.378082 -6.089539 -5.000000
v 4.676178 -5.863739 -5.000000
v 4.962646 -5.623360 -5.000000
v 5.236771 -5.369003 -5.000000
v 5.497894 -5.101295 -5.000000
v 5.745331 -4.820908 -5.000000
v 5.978500 -4.528534 -5.000000
v 6.196793 -4.224899 -5.000000
v 2.388657 -7.109451 -5.000000
v 2.031311 -7.219681 -5.000000
v 1.668900 -7.311958 -5.000000
v 1.302368 -7.386055 -5.000000
v 0.932571 -7.441795 -5.000000
v 0.560471 -7.479027 -5.000000
v 0.186981 -7.497665 -5.000000
v -0.186981 -7.497665 -5.000000
v -7.490677 -0.373840 -5.000000
v -11.546982 0.021896 -5.000000
v -7.500000 0.000000 -5.000000
v -7.462738 -0.746758 -5.000000
v -7.416229 -1.117821 -5.000000
v -7.351288 -1.486099 -5.000000
v -7.268082 -1.850677 -5.000000
v -7.166794 -2.210663 -5.000000
v -7.047699 -2.565147 -5.000000
v -6.911072 -2.913261 -5.000000
v -6.757263 -3.254127 -5.000000
v -6.586655 -3.586906 -5.000000
v -6.586655 3.586906 -5.000000
v -6.757263 3.254127 -5.000000
v -6.911072 2.913261 -5.000000
v -7.047699 2.565147 -5.000000
v -7.166794 2.210663 -5.000000
v -7.268082 1.850677 -5.000000
v -7.351288 1.486099 -5.000000
v -7.416229 1.117821 -5.000000
v -7.462738 0.746758 -5.000000
v -7.490677 0.373840 -5.000000
v -6.399689 -3.910767 -5.000000
v -5.792450 -9.989037 -5.000000
v -6.196793 -4.224899 -5.000000
v -5.978500 -4.528534 -5.000000
v -5.745331 -4.820908 -5.000000
v -5.497894 -5.101295 -5.000000
v -5.236771 -5.369003 -5.000000
v -4.962646 -5.623360 -5.000000
v -4.676178 -5.863739 -5.000000
v -4.378082 -6.089539 -5.000000
v -4.069092 -6.300194 -5.000000
v -3.750000 -6.495193 -5.000000
v -3.421585 -6.674042 -5.000000
v -3.084656 -6.836296 -5.000000
v -2.740051 -6.981552 -5.000000
v -2.388657 -7.109451 -5.000000
v -2.031311 -7.219681 -5.000000
v -1.668900 -7.311958 -5.000000
v -1.302368 -7.386055 -5.000000
v -0.932571 -7.441795 -5.000000
v -0.560471 -7.479027 -5.000000
v 5.754532 -10.010925 50.000000
v -5.792450 -9.989037 50.000000
v -11.546982 0.021896 50.000000
v -5.754532 10.010925 50.000000
v 5.792450 9.989037 50.000000
v 11.546982 -0.021896 50.000000
v -7.500000 0.000000 -50.000000
v -7.490677 -0.373840 -50.000000
v -7.462738 -0.746758 -50.000000
v -7.416229 -1.117821 -50.000000
v -7.351288 -1.486099 -50.000000
v -7.268082 -1.850677 -50.000000
v -7.166794 -2.210663 -50.000000
v -7.047699 -2.565147 -50.000000
v -6.911072 -2.913261 -50.000000
v -6.757263 -3.254127 -50.000000
v -6.586655 -3.586906 -50.000000
v -6.399689 -3.910767 -50.000000
v -6.196793 -4.224899 -50.000000
v -5.978500 -4.528534 -50.000000
v -5.745331 -4.820908 -50.000000
v -5.497894 -5.101295 -50.000000
v -5.236771 -5.369003 -50.000000
v -4.962646 -5.623360 -50.000000
v -4.676178 -5.863739 -50.000000
v -4.378082 -6.089539 -50.000000
v -4.069092 -6.300194 -50.000000
v -3.750000 -6.495193 -50.000000
v -3.421585 -6.674042 -50.000000
v -3.084656 -6.836296 -50.000000
v -2.740051 -6.981552 -50.000000
v -2.388657 -7.109451 -50.000000
v -2.031311 -7.219681 -50.000000
v -1.668900 -7.311958 -50.000000
v -1.302368 -7.386055 -50.000000
v -0.932571 -7.441795 -50.000000
v -0.560471 -7.479027 -50.000000
v -0.186981 -7.497665 -50.000000
v 0.186981 -7.497665 -50.000000
v 0.560471 -7.479027 -50.000000
v 0.932571 -7.441795 -50.000000
v 1.302368 -7.386055 -50.000000
v 1.668900 -7.311958 -50.000000
v 2.031311 -7.219681 -50.000000
v 2.388657 -7.109451 -50.000000
v 2.740051 -6.981552 -50.000000
v 3.084656 -6.836296 -50.000000
v 3.421585 -6.674042 -50.000000
v 3.750000 -6.495193 -50.000000
v 4.069092 -6.300194 -50.000000
v 4.378082 -6.089539 -50.000000
v 4.676178 -5.863739 -50.000000
v 4.962646 -5.623360 -50.000000
v 5.236771 -5.369003 -50.000000
v 5.497894 -5.101295 -50.000000
v 5.745331 -4.820908 -50.000000
v 5.978500 -4.528534 -50.000000
v 6.196793 -4.224899 -50.000000
v 6.399689 -3.910767 -50.000000
v 6.586655 -3.586906 -50.000000
v 6.757263 -3.254127 -50.000000
v 6.911072 -2.913261 -50.000000
v 7.047699 -2.565147 -50.000000
v 7.166794 -2.210663 -50.000000
v 7.268082 -1.850677 -50.000000
v 7.351288 -1.486099 -50.000000
v 7.416229 -1.117821 -50.000000
v 7.462738 -0.746758 -50.000000
v 7.490677 -0.373840 -50.000000
v 7.500000 0.000000 -50.000000
v 7.490677 0.373840 -50.000000
v 7.462738 0.746758 -50.000000
v 7.416229 1.117821 -50.000000
v 7.351288 1.486099 -50.000000
v 7.268082 1.850677 -50.000000
v 7.166794 2.210663 -50.000000
v 7.047699 2.565147 -50.000000
v 6.911072 2.913261 -50.000000
v 6.757263 3.254127 -50.000000
v 6.586655 3.586906 -50.000000
v 6.399689 3.910767 -50.000000
v 6.196793 4.224899 -50.000000
v 5.978500 4.528534 -50.000000
v 5.745331 4.820908 -50.000000
v 5.497894 5.101295 -50.000000
v 5.236771 5.369003 -50.000000
v 4.962646 5.623360 -50.000000
v 4.676178 5.863739 -50.000000
v 4.378082 6.089539 -50.000000
v 4.069092 6.300194 -50.000000
v 3.750000 6.495193 -50.000000
v 3.421585 6.674042 -50.000000
v 3.084656 6.836296 -50.000000
v 2.740051 6.981552 -50.000000
v 2.388657 7.109451 -50.000000
v 2.031311 7.219681 -50.000000
v 1.668900 7.311958 -50.000000
v 1.302368 7.386055 -50.000000
v 0.932571 7.441795 -50.000000
v 0.560471 7.479027 -50.000000
v 0.186981 7.497665 -50.000000
v -0.186981 7.497665 -50.000000
v -0.560471 7.479027 -50.000000
v -0.932571 7.441795 -50.000000
v -1.302368 7.386055 -50.000000
v -1.668900 7.311958 -50.000000
v -2.031311 7.219681 -50.000000
v -2.388657 7.109451 -50.000000
v -2.740051 6.981552 -50.000000
v -3.084656 6.836296 -50.000000
v -3.421585 6.674042 -50.000000
v -3.750000 6.495193 -50.000000
v -4.069092 6.300194 -50.000000
v -4.378082 6.089539 -50.000000
v -4.676178 5.863739 -50.000000
v -4.962646 5.623360 -50.000000
v -5.236771 5.369003 -50.000000
v -5.497894 5.101295 -50.000000
v -5.745331 4.820908 -50.000000
v -5.978500 4.528534 -50.000000
v -6.196793 4.224899 -50.000000
v -6.399689 3.910767 -50.000000
v -6.586655 3.586906 -50.000000
v -6.757263 3.254127 -50.000000
v -6.911072 2.913261 -50.000000
v -7.047699 2.565147 -50.000000
v -7.166794 2.210663 -50.000000
v -7.268082 1.850677 -50.000000
v -7.351288 1.486099 -50.000000
v -7.416229 1.117821 -50.000000
v -7.462738 0.746758 -50.000000
v -7.490677 0.373840 -50.000000

usemtl mat5
f 1 2 3
f 3 4 1
f 1 5 2
f 4 6 1
f 1 7 5
f 6 8 1
f 1 9 7
f 8 10 1
f 1 11 9
f 10 12 1
f 13 14 1
f 1 14 11
f 12 15 1
f 13 16 14
f 15 17 1
f 13 18 16
f 17 19 1
f 13 20 18
f 19 21 1
f 13 22 20
f 21 23 1
f 13 24 22
f 23 25 1
f 13 26 24
f 25 27 1
f 13 28 26
f 27 29 1
f 13 30 28
f 29 31 1
f 13 32 30
f 31 33 1
f 13 34 32
f 13 35 34
f 13 36 35
f 13 37 36
f 13 38 37
f 13 39 38
f 13 40 39
f 13 41 40
f 42 43 33
f 44 43 42
f 45 43 44
f 46 43 45
f 47 43 46
f 48 43 47
f 49 43 48
f 33 43 1
f 49 50 43
f 13 51 41
f 50 52 43
f 13 53 51
f 52 54 43
f 13 55 53
f 54 56 43
f 13 57 55
f 56 58 43
f 58 59 43
f 59 60 43
f 60 61 43
f 61 62 43
f 62 63 43
f 63 64 43
f 64 65 43
f 65 66 43
f 66 67 43
f 68 69 70
f 71 69 68
f 72 69 71
f 13 69 57
f 73 69 72
f 74 69 73
f 75 69 74
f 76 69 75
f 77 69 76
f 78 69 77
f 79 69 78
f 80 69 79
f 81 69 80
f 57 69 81
f 69 82 70
f 69 83 82
f 69 84 83
f 69 85 84
f 69 86 85
f 69 87 86
f 69 88 87
f 69 89 88
f 90 91 92
f 93 91 90
f 94 91 93
f 95 91 94
f 96 91 95
f 97 91 96
f 98 91 97
f 99 91 98
f 100 91 99
f 101 91 100
f 102 91 67
f 103 91 102
f 104 91 103
f 105 91 104
f 106 91 105
f 107 91 106
f 108 91 107
f 109 91 108
f 110 91 109
f 111 91 110
f 92 91 111
f 67 91 43
f 112 113 101
f 114 113 112
f 115 113 114
f 116 113 115
f 117 113 116
f 118 113 117
f 119 113 118
f 120 113 119
f 121 113 120
f 122 113 121
f 123 113 122
f 124 113 123
f 69 113 89
f 125 113 124
f 126 113 125
f 127 113 126
f 128 113 127
f 129 113 128
f 130 113 129
f 131 113 130
f 132 113 131
f 89 113 132
f 101 113 91
f 133 113 69
f 133 134 113
f 134 91 113
f 134 135 91
f 135 43 91
f 135 136 43
f 136 1 43
f 136 137 1
f 137 13 1
f 137 138 13
f 138 69 13
f 138 133 69
f 136 135 134
f 137 133 138
f 137 134 133
f 137 136 134
f 90 92 139
f 90 139 140
f 93 140 141
f 93 141 142
f 93 90 140
f 94 93 142
f 95 142 143
f 95 94 142
f 96 143 144
f 96 144 145
f 96 95 143
f 97 96 145
f 98 145 146
f 98 146 147
f 98 97 145
f 99 98 147
f 100 147 148
f 100 99 147
f 101 148 149
f 101 100 148
f 112 101 149
f 112 149 150
f 112 150 151
f 114 112 151
f 115 114 151
f 115 151 152
f 115 152 153
f 116 115 153
f 117 116 153
f 117 153 154
f 117 154 155
f 118 117 155
f 119 118 155
f 119 155 156
f 120 119 156
f 120 156 157
f 121 120 157
f 121 157 158
f 122 121 158
f 122 158 159
f 123 122 159
f 123 159 160
f 124 123 160
f 124 160 161
f 124 161 162
f 125 162 163
f 125 124 162
f 126 125 163
f 127 126 163
f 127 163 164
f 128 164 165
f 128 127 164
f 129 165 166
f 129 166 167
f 129 128 165
f 130 129 167
f 131 167 168
f 131 130 167
f 132 168 169
f 132 131 168
f 89 169 170
f 89 132 169
f 88 170 171
f 88 89 170
f 87 171 172
f 87 88 171
f 86 172 173
f 86 87 172
f 85 173 174
f 85 86 173
f 84 174 175
f 84 85 174
f 83 84 175
f 83 175 176
f 83 176 177
f 82 83 177
f 70 82 177
f 70 177 178
f 68 70 178
f 68 178 179
f 71 68 179
f 71 179 180
f 72 71 180
f 72 180 181
f 73 72 181
f 73 181 182
f 74 73 182
f 74 182 183
f 75 74 183
f 75 183 184
f 76 75 184
f 76 184 185
f 77 76 185
f 77 185 186
f 78 77 186
f 78 186 187
f 79 78 187
f 79 187 188
f 80 79 188
f 80 188 189
f 81 80 189
f 81 189 190
f 81 190 191
f 57 81 191
f 55 57 191
f 55 191 192
f 53 55 192
f 53 192 193
f 51 53 193
f 51 193 194
f 41 51 194
f 41 194 195
f 40 41 195
f 40 195 196
f 39 196 197
f 39 40 196
f 38 197 198
f 38 39 197
f 37 198 199
f 37 38 198
f 36 199 200
f 36 37 199
f 35 36 200
f 35 200 201
f 34 35 201
f 34 201 202
f 32 34 202
f 32 202 203
f 30 32 203
f 30 203 204
f 28 30 204
f 28 204 205
f 26 28 205
f 26 205 206
f 24 26 206
f 24 206 207
f 22 24 207
f 22 207 208
f 20 22 208
f 20 208 209
f 18 20 209
f 18 209 210
f 16 18 210
f 16 210 211
f 14 16 211
f 14 211 212
f 11 14 212
f 11 212 213
f 9 213 214
f 9 11 213
f 7 214 215
f 7 9 214
f 5 215 216
f 5 7 215
f 2 216 217
f 2 5 216
f 3 217 218
f 3 2 217
f 4 218 219
f 4 219 220
f 4 3 218
f 6 220 221
f 6 4 220
f 8 6 221
f 10 221 222
f 10 8 221
f 12 222 223
f 12 223 224
f 12 10 222
f 15 224 225
f 15 12 224
f 17 15 225
f 19 225 226
f 19 17 225
f 21 19 226
f 21 226 227
f 21 227 228
f 23 21 228
f 23 228 229
f 25 23 229
f 27 229 230
f 27 25 229
f 29 230 231
f 29 27 230
f 31 231 232
f 31 29 231
f 33 232 233
f 33 233 234
f 33 31 232
f 42 33 234
f 44 234 235
f 44 42 234
f 45 235 236
f 45 44 235
f 46 236 237
f 46 45 236
f 47 237 238
f 47 46 237
f 48 238 239
f 48 47 238
f 49 239 240
f 49 240 241
f 49 48 239
f 50 49 241
f 52 241 242
f 52 242 243
f 52 50 241
f 54 52 243
f 56 243 244
f 56 54 243
f 58 244 245
f 58 56 244
f 59 245 246
f 59 58 245
f 60 246 247
f 60 247 248
f 60 59 246
f 61 60 248
f 62 248 249
f 62 61 248
f 63 249 250
f 63 62 249
f 64 63 250
f 64 250 251
f 65 64 251
f 65 251 252
f 66 65 252
f 66 252 253
f 66 253 254
f 67 66 254
f 102 67 254
f 102 254 255
f 103 102 255
f 103 255 256
f 103 256 257
f 104 103 257
f 105 104 257
f 105 257 258
f 106 105 258
f 106 258 259
f 107 106 259
f 107 259 260
f 108 107 260
f 108 260 261
f 109 108 261
f 109 261 262
f 110 262 263
f 110 109 262
f 111 110 263
f 111 263 264
f 92 264 139
f 92 111 264
f 154 153 155
f 155 157 156
f 151 150 152
f 152 150 153
f 158 160 159
f 149 148 150
f 153 148 155
f 150 148 153
f 157 162 158
f 160 162 161
f 155 162 157
f 158 162 160
f 148 162 155
f 162 164 163
f 162 165 164
f 145 144 146
f 146 144 147
f 143 142 144
f 165 168 166
f 166 168 167
f 162 168 165
f 140 139 141
f 141 139 142
f 142 139 144
f 168 171 169
f 169 171 170
f 147 262 148
f 263 262 264
f 264 262 139
f 144 262 147
f 139 262 144
f 171 174 172
f 172 174 173
f 148 174 162
f 162 174 168
f 168 174 171
f 260 259 261
f 261 259 262
f 174 177 175
f 175 177 176
f 174 178 177
f 148 179 174
f 262 179 148
f 259 179 262
f 257 179 258
f 174 179 178
f 258 179 259
f 257 256 179
f 256 180 179
f 180 182 181
f 256 184 180
f 180 184 182
f 182 184 183
f 184 186 185
f 249 248 250
f 250 248 251
f 186 188 187
f 184 188 186
f 251 247 252
f 248 247 251
f 254 189 255
f 255 189 256
f 256 189 184
f 184 189 188
f 252 246 253
f 247 246 252
f 189 191 190
f 245 244 246
f 243 242 244
f 253 242 254
f 246 242 253
f 244 242 246
f 192 195 193
f 193 195 194
f 241 240 242
f 254 240 189
f 189 240 191
f 242 240 254
f 191 196 192
f 192 196 195
f 196 198 197
f 198 200 199
f 235 234 236
f 236 234 237
f 198 202 200
f 200 202 201
f 191 202 196
f 196 202 198
f 234 233 237
f 191 204 202
f 202 204 203
f 232 231 233
f 204 206 205
f 228 227 229
f 229 227 230
f 227 226 230
f 239 210 240
f 233 210 237
f 204 210 206
f 191 210 204
f 231 210 233
f 206 210 207
f 207 210 208
f 208 210 209
f 240 210 191
f 230 210 231
f 237 210 238
f 238 210 239
f 226 225 230
f 210 212 211
f 225 223 230
f 224 223 225
f 230 213 210
f 210 213 212
f 223 222 230
f 222 220 230
f 221 220 222
f 220 219 230
f 214 217 215
f 215 217 216
f 230 218 213
f 219 218 230
f 213 218 214
f 214 218 217